((("import" .
   [6 0 0 0 0 0])
  ("mahotas" .
   [0 0 0 0 1 0 0])
  ("as" .
   [3 0])
  ("os" .
   [8 0])
  ("print" .
   [2 0 0 0 1])
  ("from" .
   [1 0 0 0])
  ("math" .
   [0 0 0 2])
  ("matplotlib" .
   [0 0 0 0 1 2 0 0 0 0])
  ("matplotlib.pyplot" .
   [0 0 0 0 0 0 0 0 0 0 0 0 0 0 0 0 2])
  ("plt" .
   [10 0 1])
  ("pyplot" .
   [0 0 1 0 0 0])
  ("for" .
   [1 0 0])
  ("in" .
   [1 0])
  ("range" .
   [0 0 1 0 0])
  ("os.st" .
   [0 0 0 0 1])
  ("os.read" .
   [0 0 0 0 0 1 0])
  ("os.link" .
   [0 0 0 0 1 0 0])))
